-1832
99
0 73
1 12
1 17
1 37
2 83
3 70
4 19
4 37
4 40
5 84
6 57
6 91
7 90
8 55
8 66
9 15
9 18
9 45
9 54
10 34
11 49
12 58
12 63
13 53
14 26
14 36
14 51
14 57
14 65
14 96
16 73
17 30
17 33
17 78
18 32
18 83
19 24
20 36
20 82
21 41
22 29
22 43
23 66
24 94
25 29
25 30
25 86
27 37
27 88
27 96
28 41
28 98
29 81
30 92
31 64
31 73
32 73
32 74
33 80
34 66
35 66
35 80
36 56
37 60
38 53
38 69
38 72
39 68
39 83
40 44
40 79
41 70
42 52
42 76
42 85
42 96
45 60
45 62
45 70
46 99
47 86
48 83
49 51
50 70
51 89
53 64
56 90
58 77
59 76
61 98
64 84
64 93
67 72
67 97
71 76
73 75
73 99
84 87
93 95
